4/23/2023,6|12|11|6|11|9|4
4/30/2023,7|5|5|12|12|9|5
5/7/2023,4|5|6|6|9|4|6
5/14/2023,6|8|8|7|8|7|12
5/21/2023,6|11|4|9|8|5|5
5/28/2023,8|10|7|4|11|4|7
6/4/2023,6|6|9|11|11|5|4
6/11/2023,8|5|8|9|10|12|4
6/18/2023,6|4|9|5|8|9|11
6/25/2023,4|4|9|6|12|7|6
7/2/2023,8|8|5|9|6|8|5
7/9/2023,10|7|5|12|12|6|8
7/16/2023,5|5|9|6|5|4|9
7/23/2023,10|5|5|12|7|7|9
7/30/2023,5|12|9|4|11|4|8
8/6/2023,4|8|7|10|11|9|5
8/13/2023,7|9|5|5|4|6|8
8/20/2023,11|11|10|11|12|10|10
8/27/2023,8|4|10|10|10|4|6
9/3/2023,7|7|12|10|6|5|10
